1 2730
2 4290
3 6006
4 10010
5 3570
6 5610
7 7854
8 13090
9 19635
10 6630
11 9282
12 15470
13 23205
14 14586
15 24310
16 36465
17 34034
18 51051
19 3990
20 6270
21 8778
22 14630
23 21945
24 7410
25 10374
26 17290
27 25935
28 16302
29 27170
30 40755
31 38038
32 57057
33 95095
34 9690
35 13566
36 22610
37 33915
38 21318
39 35530
40 53295
41 49742
42 74613
43 124355
44 25194
45 41990
46 62985
47 58786
48 88179
49 146965
50 92378
51 138567
52 230945
53 4830
54 7590
55 10626
56 17710
57 26565
58 8970
59 12558
60 20930
61 31395
62 19734
63 32890
64 49335
65 46046
66 69069
67 115115
68 11730
69 16422
70 27370
71 41055
72 25806
73 43010
74 64515
75 60214
76 90321
77 150535
78 30498
79 50830
80 76245
81 71162
82 106743
83 177905
84 111826
85 167739
86 279565
87 391391
88 13110
89 18354
90 30590
91 45885
92 28842
93 48070
94 72105
95 67298
96 100947
97 168245
98 34086
99 56810
100 85215
101 79534
102 119301
103 198835
104 124982
105 187473
106 312455
107 437437
108 44574
109 74290
110 111435
111 104006
112 156009
113 260015
114 163438
115 245157
116 408595
117 572033
118 193154
119 289731
120 482885
121 676039
122 6090
123 9570
124 13398
125 22330
126 33495
127 11310
128 15834
129 26390
130 39585
131 24882
132 41470
133 62205
134 58058
135 87087
136 145145
137 14790
138 20706
139 34510
140 51765
141 32538
142 54230
143 81345
144 75922
145 113883
146 189805
147 38454
148 64090
149 96135
150 89726
151 134589
152 224315
153 140998
154 211497
155 352495
156 493493
157 16530
158 23142
159 38570
160 57855
161 36366
162 60610
163 90915
164 84854
165 127281
166 212135
167 42978
168 71630
169 107445
170 100282
171 150423
172 250705
173 157586
174 236379
175 393965
176 551551
177 56202
178 93670
179 140505
180 131138
181 196707
182 327845
183 206074
184 309111
185 515185
186 721259
187 243542
188 365313
189 608855
190 852397
191 1339481
192 20010
193 28014
194 46690
195 70035
196 44022
197 73370
198 110055
199 102718
200 154077
201 256795
202 52026
203 86710
204 130065
205 121394
206 182091
207 303485
208 190762
209 286143
210 476905
211 667667
212 68034
213 113390
214 170085
215 158746
216 238119
217 396865
218 249458
219 374187
220 623645
221 873103
222 294814
223 442221
224 737035
225 1031849
226 1621477
227 76038
228 126730
229 190095
230 177422
231 266133
232 443555
233 278806
234 418209
235 697015
236 975821
237 329498
238 494247
239 823745
240 1153243
241 1812239
242 430882
243 646323
244 1077205
245 1508087
246 2369851
247 6510
248 10230
249 14322
250 23870
251 35805
252 12090
253 16926
254 28210
255 42315
256 26598
257 44330
258 66495
259 62062
260 93093
261 155155
262 15810
263 22134
264 36890
265 55335
266 34782
267 57970
268 86955
269 81158
270 121737
271 202895
272 41106
273 68510
274 102765
275 95914
276 143871
277 239785
278 150722
279 226083
280 376805
281 527527
282 17670
283 24738
284 41230
285 61845
286 38874
287 64790
288 97185
289 90706
290 136059
291 226765
292 45942
293 76570
294 114855
295 107198
296 160797
297 267995
298 168454
299 252681
300 421135
301 589589
302 60078
303 100130
304 150195
305 140182
306 210273
307 350455
308 220286
309 330429
310 550715
311 771001
312 260338
313 390507
314 650845
315 911183
316 1431859
317 21390
318 29946
319 49910
320 74865
321 47058
322 78430
323 117645
324 109802
325 164703
326 274505
327 55614
328 92690
329 139035
330 129766
331 194649
332 324415
333 203918
334 305877
335 509795
336 713713
337 72726
338 121210
339 181815
340 169694
341 254541
342 424235
343 266662
344 399993
345 666655
346 933317
347 315146
348 472719
349 787865
350 1103011
351 1733303
352 81282
353 135470
354 203205
355 189658
356 284487
357 474145
358 298034
359 447051
360 745085
361 1043119
362 352222
363 528333
364 880555
365 1232777
366 1937221
367 460598
368 690897
369 1151495
370 1612093
371 2533289
372 2993887
373 26970
374 37758
375 62930
376 94395
377 59334
378 98890
379 148335
380 138446
381 207669
382 346115
383 70122
384 116870
385 175305
386 163618
387 245427
388 409045
389 257114
390 385671
391 642785
392 899899
393 91698
394 152830
395 229245
396 213962
397 320943
398 534905
399 336226
400 504339
401 840565
402 1176791
403 397358
404 596037
405 993395
406 1390753
407 2185469
408 102486
409 170810
410 256215
411 239134
412 358701
413 597835
414 375782
415 563673
416 939455
417 1315237
418 444106
419 666159
420 1110265
421 1554371
422 2442583
423 580754
424 871131
425 1451885
426 2032639
427 3194147
428 3774901
429 124062
430 206770
431 310155
432 289478
433 434217
434 723695
435 454894
436 682341
437 1137235
438 1592129
439 537602
440 806403
441 1344005
442 1881607
443 2956811
444 703018
445 1054527
446 1757545
447 2460563
448 3866599
449 4569617
450 785726
451 1178589
452 1964315
453 2750041
454 4321493
455 5107219
456 7770
457 12210
458 17094
459 28490
460 42735
461 14430
462 20202
463 33670
464 50505
465 31746
466 52910
467 79365
468 74074
469 111111
470 185185
471 18870
472 26418
473 44030
474 66045
475 41514
476 69190
477 103785
478 96866
479 145299
480 242165
481 49062
482 81770
483 122655
484 114478
485 171717
486 286195
487 179894
488 269841
489 449735
490 629629
491 21090
492 29526
493 49210
494 73815
495 46398
496 77330
497 115995
498 108262
499 162393
500 270655
501 54834
502 91390
503 137085
504 127946
505 191919
506 319865
507 201058
508 301587
509 502645
510 703703
511 71706
512 119510
513 179265
514 167314
515 250971
516 418285
517 262922
518 394383
519 657305
520 920227
521 310726
522 466089
523 776815
524 1087541
525 1708993
526 25530
527 35742
528 59570
529 89355
530 56166
531 93610
532 140415
533 131054
534 196581
535 327635
536 66378
537 110630
538 165945
539 154882
540 232323
541 387205
542 243386
543 365079
544 608465
545 851851
546 86802
547 144670
548 217005
549 202538
550 303807
551 506345
552 318274
553 477411
554 795685
555 1113959
556 376142
557 564213
558 940355
559 1316497
560 2068781
561 97014
562 161690
563 242535
564 226366
565 339549
566 565915
567 355718
568 533577
569 889295
570 1245013
571 420394
572 630591
573 1050985
574 1471379
575 2312167
576 549746
577 824619
578 1374365
579 1924111
580 3023603
581 3573349
582 32190
583 45066
584 75110
585 112665
586 70818
587 118030
588 177045
589 165242
590 247863
591 413105
592 83694
593 139490
594 209235
595 195286
596 292929
597 488215
598 306878
599 460317
600 767195
601 1074073
602 109446
603 182410
604 273615
605 255374
606 383061
607 638435
608 401302
609 601953
610 1003255
611 1404557
612 474266
613 711399
614 1185665
615 1659931
616 2608463
617 122322
618 203870
619 305805
620 285418
621 428127
622 713545
623 448514
624 672771
625 1121285
626 1569799
627 530062
628 795093
629 1325155
630 1855217
631 2915341
632 693158
633 1039737
634 1732895
635 2426053
636 3812369
637 4505527
638 148074
639 246790
640 370185
641 345506
642 518259
643 863765
644 542938
645 814407
646 1357345
647 1900283
648 641654
649 962481
650 1604135
651 2245789
652 3529097
653 839086
654 1258629
655 2097715
656 2936801
657 4614973
658 5454059
659 937802
660 1406703
661 2344505
662 3282307
663 5157911
664 6095713
665 7971317
666 34410
667 48174
668 80290
669 120435
670 75702
671 126170
672 189255
673 176638
674 264957
675 441595
676 89466
677 149110
678 223665
679 208754
680 313131
681 521885
682 328042
683 492063
684 820105
685 1148147
686 116994
687 194990
688 292485
689 272986
690 409479
691 682465
692 428978
693 643467
694 1072445
695 1501423
696 506974
697 760461
698 1267435
699 1774409
700 2788357
701 130758
702 217930
703 326895
704 305102
705 457653
706 762755
707 479446
708 719169
709 1198615
710 1678061
711 566618
712 849927
713 1416545
714 1983163
715 3116399
716 740962
717 1111443
718 1852405
719 2593367
720 4075291
721 4816253
722 158286
723 263810
724 395715
725 369334
726 554001
727 923335
728 580382
729 870573
730 1450955
731 2031337
732 685906
733 1028859
734 1714765
735 2400671
736 3772483
737 896954
738 1345431
739 2242385
740 3139339
741 4933247
742 5830201
743 1002478
744 1503717
745 2506195
746 3508673
747 5513629
748 6516107
749 8521063
750 199578
751 332630
752 498945
753 465682
754 698523
755 1164205
756 731786
757 1097679
758 1829465
759 2561251
760 864838
761 1297257
762 2162095
763 3026933
764 4756609
765 1130942
766 1696413
767 2827355
768 3958297
769 6220181
770 7351123
771 1263994
772 1895991
773 3159985
774 4423979
775 6951967
776 8215961
777 10743949
778 1530098
779 2295147
780 3825245
781 5355343
782 8415539
783 9945637
784 13005833
785 13530
786 18942
787 31570
788 47355
789 15990
790 22386
791 37310
792 55965
793 35178
794 58630
795 87945
796 82082
797 123123
798 205205
799 20910
800 29274
801 48790
802 73185
803 46002
804 76670
805 115005
806 107338
807 161007
808 268345
809 54366
810 90610
811 135915
812 126854
813 190281
814 317135
815 199342
816 299013
817 498355
818 697697
819 23370
820 32718
821 54530
822 81795
823 51414
824 85690
825 128535
826 119966
827 179949
828 299915
829 60762
830 101270
831 151905
832 141778
833 212667
834 354445
835 222794
836 334191
837 556985
838 779779
839 79458
840 132430
841 198645
842 185402
843 278103
844 463505
845 291346
846 437019
847 728365
848 1019711
849 344318
850 516477
851 860795
852 1205113
853 1893749
854 28290
855 39606
856 66010
857 99015
858 62238
859 103730
860 155595
861 145222
862 217833
863 363055
864 73554
865 122590
866 183885
867 171626
868 257439
869 429065
870 269698
871 404547
872 674245
873 943943
874 96186
875 160310
876 240465
877 224434
878 336651
879 561085
880 352682
881 529023
882 881705
883 1234387
884 416806
885 625209
886 1042015
887 1458821
888 2292433
889 107502
890 179170
891 268755
892 250838
893 376257
894 627095
895 394174
896 591261
897 985435
898 1379609
899 465842
900 698763
901 1164605
902 1630447
903 2562131
904 609178
905 913767
906 1522945
907 2132123
908 3350479
909 3959657
910 35670
911 49938
912 83230
913 124845
914 78474
915 130790
916 196185
917 183106
918 274659
919 457765
920 92742
921 154570
922 231855
923 216398
924 324597
925 540995
926 340054
927 510081
928 850135
929 1190189
930 121278
931 202130
932 303195
933 282982
934 424473
935 707455
936 444686
937 667029
938 1111715
939 1556401
940 525538
941 788307
942 1313845
943 1839383
944 2890459
945 135546
946 225910
947 338865
948 316274
949 474411
950 790685
951 497002
952 745503
953 1242505
954 1739507
955 587366
956 881049
957 1468415
958 2055781
959 3230513
960 768094
961 1152141
962 1920235
963 2688329
964 4224517
965 4992611
966 164082
967 273470
968 410205
969 382858
970 574287
971 957145
972 601634
973 902451
974 1504085
975 2105719
976 711022
977 1066533
978 1777555
979 2488577
980 3910621
981 929798
982 1394697
983 2324495
984 3254293
985 5113889
986 6043687
987 1039186
988 1558779
989 2597965
990 3637151
991 5715523
992 6754709
993 8833081
994 38130
995 53382
996 88970
997 133455
998 83886
999 139810
1000 209715
1001 195734
1002 293601
1003 489335
1004 99138
1005 165230
1006 247845
1007 231322
1008 346983
1009 578305
1010 363506
1011 545259
1012 908765
1013 1272271
1014 129642
1015 216070
1016 324105
1017 302498
1018 453747
1019 756245
1020 475354
1021 713031
1022 1188385
1023 1663739
1024 561782
1025 842673
1026 1404455
1027 1966237
1028 3089801
1029 144894
1030 241490
1031 362235
1032 338086
1033 507129
1034 845215
1035 531278
1036 796917
1037 1328195
1038 1859473
1039 627874
1040 941811
1041 1569685
1042 2197559
1043 3453307
1044 821066
1045 1231599
1046 2052665
1047 2873731
1048 4515863
1049 5336929
1050 175398
1051 292330
1052 438495
1053 409262
1054 613893
1055 1023155
1056 643126
1057 964689
1058 1607815
1059 2250941
1060 760058
1061 1140087
1062 1900145
1063 2660203
1064 4180319
1065 993922
1066 1490883
1067 2484805
1068 3478727
1069 5466571
1070 6460493
1071 1110854
1072 1666281
1073 2777135
1074 3887989
1075 6109697
1076 7220551
1077 9442259
1078 221154
1079 368590
1080 552885
1081 516026
1082 774039
1083 1290065
1084 810898
1085 1216347
1086 2027245
1087 2838143
1088 958334
1089 1437501
1090 2395835
1091 3354169
1092 5270837
1093 1253206
1094 1879809
1095 3133015
1096 4386221
1097 6892633
1098 8145839
1099 1400642
1100 2100963
1101 3501605
1102 4902247
1103 7703531
1104 9104173
1105 11905457
1106 1695514
1107 2543271
1108 4238785
1109 5934299
1110 9325327
1111 11020841
1112 14411869
1113 16107383
1114 45510
1115 63714
1116 106190
1117 159285
1118 100122
1119 166870
1120 250305
1121 233618
1122 350427
1123 584045
1124 118326
1125 197210
1126 295815
1127 276094
1128 414141
1129 690235
1130 433862
1131 650793
1132 1084655
1133 1518517
1134 154734
1135 257890
1136 386835
1137 361046
1138 541569
1139 902615
1140 567358
1141 851037
1142 1418395
1143 1985753
1144 670514
1145 1005771
1146 1676285
1147 2346799
1148 3687827
1149 172938
1150 288230
1151 432345
1152 403522
1153 605283
1154 1008805
1155 634106
1156 951159
1157 1585265
1158 2219371
1159 749398
1160 1124097
1161 1873495
1162 2622893
1163 4121689
1164 979982
1165 1469973
1166 2449955
1167 3429937
1168 5389901
1169 6369883
1170 209346
1171 348910
1172 523365
1173 488474
1174 732711
1175 1221185
1176 767602
1177 1151403
1178 1919005
1179 2686607
1180 907166
1181 1360749
1182 2267915
1183 3175081
1184 4989413
1185 1186294
1186 1779441
1187 2965735
1188 4152029
1189 6524617
1190 7710911
1191 1325858
1192 1988787
1193 3314645
1194 4640503
1195 7292219
1196 8618077
1197 11269793
1198 263958
1199 439930
1200 659895
1201 615902
1202 923853
1203 1539755
1204 967846
1205 1451769
1206 2419615
1207 3387461
1208 1143818
1209 1715727
1210 2859545
1211 4003363
1212 6290999
1213 1495762
1214 2243643
1215 3739405
1216 5235167
1217 8226691
1218 9722453
1219 1671734
1220 2507601
1221 4179335
1222 5851069
1223 9194537
1224 10866271
1225 14209739
1226 2023678
1227 3035517
1228 5059195
1229 7082873
1230 11130229
1231 13153907
1232 17201263
1233 19224941
1234 282162
1235 470270
1236 705405
1237 658378
1238 987567
1239 1645945
1240 1034594
1241 1551891
1242 2586485
1243 3621079
1244 1222702
1245 1834053
1246 3056755
1247 4279457
1248 6724861
1249 1598918
1250 2398377
1251 3997295
1252 5596213
1253 8794049
1254 10392967
1255 1787026
1256 2680539
1257 4467565
1258 6254591
1259 9828643
1260 11615669
1261 15189721
1262 2163242
1263 3244863
1264 5408105
1265 7571347
1266 11897831
1267 14061073
1268 18387557
1269 20550799
1270 2727566
1271 4091349
1272 6818915
1273 9546481
1274 15001613
1275 17729179
1276 23184311
1277 25911877
1278 420
1279 660
1280 924
1281 1540
1282 780
1283 1092
1284 1820
1285 1716
1286 2860
1287 4004
1288 1020
1289 1428
1290 2380
1291 2244
1292 3740
1293 5236
1294 2652
1295 4420
1296 6188
1297 9724
1298 1140
1299 1596
1300 2660
1301 2508
1302 4180
1303 5852
1304 2964
1305 4940
1306 6916
1307 10868
1308 3876
1309 6460
1310 9044
1311 14212
1312 16796
1313 1380
1314 1932
1315 3220
1316 3036
1317 5060
1318 7084
1319 3588
1320 5980
1321 8372
1322 13156
1323 4692
1324 7820
1325 10948
1326 17204
1327 20332
1328 5244
1329 8740
1330 12236
1331 19228
1332 22724
1333 29716
1334 1740
1335 2436
1336 4060
1337 3828
1338 6380
1339 8932
1340 4524
1341 7540
1342 10556
1343 16588
1344 5916
1345 9860
1346 13804
1347 21692
1348 25636
1349 6612
1350 11020
1351 15428
1352 24244
1353 28652
1354 37468
1355 8004
1356 13340
1357 18676
1358 29348
1359 34684
1360 45356
1361 50692
1362 1860
1363 2604
1364 4340
1365 4092
1366 6820
1367 9548
1368 4836
1369 8060
1370 11284
1371 17732
1372 6324
1373 10540
1374 14756
1375 23188
1376 27404
1377 7068
1378 11780
1379 16492
1380 25916
1381 30628
1382 40052
1383 8556
1384 14260
1385 19964
1386 31372
1387 37076
1388 48484
1389 54188
1390 10788
1391 17980
1392 25172
1393 39556
1394 46748
1395 61132
1396 68324
1397 82708
1398 2220
1399 3108
1400 5180
1401 4884
1402 8140
1403 11396
1404 5772
1405 9620
1406 13468
1407 21164
1408 7548
1409 12580
1410 17612
1411 27676
1412 32708
1413 8436
1414 14060
1415 19684
1416 30932
1417 36556
1418 47804
1419 10212
1420 17020
1421 23828
1422 37444
1423 44252
1424 57868
1425 64676
1426 12876
1427 21460
1428 30044
1429 47212
1430 55796
1431 72964
1432 81548
1433 98716
1434 13764
1435 22940
1436 32116
1437 50468
1438 59644
1439 77996
1440 87172
1441 105524
1442 133052
1443 2460
1444 3444
1445 5740
1446 5412
1447 9020
1448 12628
1449 6396
1450 10660
1451 14924
1452 23452
1453 8364
1454 13940
1455 19516
1456 30668
1457 36244
1458 9348
1459 15580
1460 21812
1461 34276
1462 40508
1463 52972
1464 11316
1465 18860
1466 26404
1467 41492
1468 49036
1469 64124
1470 71668
1471 14268
1472 23780
1473 33292
1474 52316
1475 61828
1476 80852
1477 90364
1478 109388
1479 15252
1480 25420
1481 35588
1482 55924
1483 66092
1484 86428
1485 96596
1486 116932
1487 147436
1488 18204
1489 30340
1490 42476
1491 66748
1492 78884
1493 103156
1494 115292
1495 139564
1496 175972
1497 188108
1498 630
1499 990
1500 1386
1501 3465
1502 1170
1503 1638
1504 4095
1505 2574
1506 6435
1507 9009
1508 1530
1509 2142
1510 5355
1511 3366
1512 8415
1513 11781
1514 3978
1515 9945
1516 13923
1517 21879
1518 1710
1519 2394
1520 5985
1521 3762
1522 9405
1523 13167
1524 4446
1525 11115
1526 15561
1527 24453
1528 5814
1529 14535
1530 20349
1531 31977
1532 37791
1533 2070
1534 2898
1535 7245
1536 4554
1537 11385
1538 15939
1539 5382
1540 13455
1541 18837
1542 29601
1543 7038
1544 17595
1545 24633
1546 38709
1547 45747
1548 7866
1549 19665
1550 27531
1551 43263
1552 51129
1553 66861
1554 2610
1555 3654
1556 9135
1557 5742
1558 14355
1559 20097
1560 6786
1561 16965
1562 23751
1563 37323
1564 8874
1565 22185
1566 31059
1567 48807
1568 57681
1569 9918
1570 24795
1571 34713
1572 54549
1573 64467
1574 84303
1575 12006
1576 30015
1577 42021
1578 66033
1579 78039
1580 102051
1581 114057
1582 2790
1583 3906
1584 9765
1585 6138
1586 15345
1587 21483
1588 7254
1589 18135
1590 25389
1591 39897
1592 9486
1593 23715
1594 33201
1595 52173
1596 61659
1597 10602
1598 26505
1599 37107
1600 58311
1601 68913
1602 90117
1603 12834
1604 32085
1605 44919
1606 70587
1607 83421
1608 109089
1609 121923
1610 16182
1611 40455
1612 56637
1613 89001
1614 105183
1615 137547
1616 153729
1617 186093
1618 3330
1619 4662
1620 11655
1621 7326
1622 18315
1623 25641
1624 8658
1625 21645
1626 30303
1627 47619
1628 11322
1629 28305
1630 39627
1631 62271
1632 73593
1633 12654
1634 31635
1635 44289
1636 69597
1637 82251
1638 107559
1639 15318
1640 38295
1641 53613
1642 84249
1643 99567
1644 130203
1645 145521
1646 19314
1647 48285
1648 67599
1649 106227
1650 125541
1651 164169
1652 183483
1653 222111
1654 20646
1655 51615
1656 72261
1657 113553
1658 134199
1659 175491
1660 196137
1661 237429
1662 299367
1663 3690
1664 5166
1665 12915
1666 8118
1667 20295
1668 28413
1669 9594
1670 23985
1671 33579
1672 52767
1673 12546
1674 31365
1675 43911
1676 69003
1677 81549
1678 14022
1679 35055
1680 49077
1681 77121
1682 91143
1683 119187
1684 16974
1685 42435
1686 59409
1687 93357
1688 110331
1689 144279
1690 161253
1691 21402
1692 53505
1693 74907
1694 117711
1695 139113
1696 181917
1697 203319
1698 246123
1699 22878
1700 57195
1701 80073
1702 125829
1703 148707
1704 194463
1705 217341
1706 263097
1707 331731
1708 27306
1709 68265
1710 95571
1711 150183
1712 177489
1713 232101
1714 259407
1715 314019
1716 395937
1717 423243
1718 1050
1719 1650
1720 3850
1721 5775
1722 1950
1723 4550
1724 6825
1725 7150
1726 10725
1727 25025
1728 2550
1729 5950
1730 8925
1731 9350
1732 14025
1733 32725
1734 11050
1735 16575
1736 38675
1737 60775
1738 2850
1739 6650
1740 9975
1741 10450
1742 15675
1743 36575
1744 12350
1745 18525
1746 43225
1747 67925
1748 16150
1749 24225
1750 56525
1751 88825
1752 104975
1753 3450
1754 8050
1755 12075
1756 12650
1757 18975
1758 44275
1759 14950
1760 22425
1761 52325
1762 82225
1763 19550
1764 29325
1765 68425
1766 107525
1767 127075
1768 21850
1769 32775
1770 76475
1771 120175
1772 142025
1773 185725
1774 4350
1775 10150
1776 15225
1777 15950
1778 23925
1779 55825
1780 18850
1781 28275
1782 65975
1783 103675
1784 24650
1785 36975
1786 86275
1787 135575
1788 160225
1789 27550
1790 41325
1791 96425
1792 151525
1793 179075
1794 234175
1795 33350
1796 50025
1797 116725
1798 183425
1799 216775
1800 283475
1801 316825
1802 4650
1803 10850
1804 16275
1805 17050
1806 25575
1807 59675
1808 20150
1809 30225
1810 70525
1811 110825
1812 26350
1813 39525
1814 92225
1815 144925
1816 171275
1817 29450
1818 44175
1819 103075
1820 161975
1821 191425
1822 250325
1823 35650
1824 53475
1825 124775
1826 196075
1827 231725
1828 303025
1829 338675
1830 44950
1831 67425
1832 157325
1833 247225
1834 292175
1835 382075
1836 427025
1837 516925
1838 5550
1839 12950
1840 19425
1841 20350
1842 30525
1843 71225
1844 24050
1845 36075
1846 84175
1847 132275
1848 31450
1849 47175
1850 110075
1851 172975
1852 204425
1853 35150
1854 52725
1855 123025
1856 193325
1857 228475
1858 298775
1859 42550
1860 63825
1861 148925
1862 234025
1863 276575
1864 361675
1865 404225
1866 53650
1867 80475
1868 187775
1869 295075
1870 348725
1871 456025
1872 509675
1873 616975
1874 57350
1875 86025
1876 200725
1877 315425
1878 372775
1879 487475
1880 544825
1881 659525
1882 831575
1883 6150
1884 14350
1885 21525
1886 22550
1887 33825
1888 78925
1889 26650
1890 39975
1891 93275
1892 146575
1893 34850
1894 52275
1895 121975
1896 191675
1897 226525
1898 38950
1899 58425
1900 136325
1901 214225
1902 253175
1903 331075
1904 47150
1905 70725
1906 165025
1907 259325
1908 306475
1909 400775
1910 447925
1911 59450
1912 89175
1913 208075
1914 326975
1915 386425
1916 505325
1917 564775
1918 683675
1919 63550
1920 95325
1921 222425
1922 349525
1923 413075
1924 540175
1925 603725
1926 730825
1927 921475
1928 75850
1929 113775
1930 265475
1931 417175
1932 493025
1933 644725
1934 720575
1935 872275
1936 1099825
1937 1175675
1938 1470
1939 3234
1940 5390
1941 8085
1942 3822
1943 6370
1944 9555
1945 14014
1946 21021
1947 35035
1948 4998
1949 8330
1950 12495
1951 18326
1952 27489
1953 45815
1954 21658
1955 32487
1956 54145
1957 119119
1958 5586
1959 9310
1960 13965
1961 20482
1962 30723
1963 51205
1964 24206
1965 36309
1966 60515
1967 133133
1968 31654
1969 47481
1970 79135
1971 174097
1972 205751
1973 6762
1974 11270
1975 16905
1976 24794
1977 37191
1978 61985
1979 29302
1980 43953
1981 73255
1982 161161
1983 38318
1984 57477
1985 95795
1986 210749
1987 249067
1988 42826
1989 64239
1990 107065
1991 235543
1992 278369
1993 364021
1994 8526
1995 14210
1996 21315
1997 31262
1998 46893
1999 78155
2000 36946
2001 55419
2002 92365
2003 203203
2004 48314
2005 72471
2006 120785
2007 265727
2008 314041
2009 53998
2010 80997
2011 134995
2012 296989
2013 350987
2014 458983
2015 65366
2016 98049
2017 163415
2018 359513
2019 424879
2020 555611
2021 620977
2022 9114
2023 15190
2024 22785
2025 33418
2026 50127
2027 83545
2028 39494
2029 59241
2030 98735
2031 217217
2032 51646
2033 77469
2034 129115
2035 284053
2036 335699
2037 57722
2038 86583
2039 144305
2040 317471
2041 375193
2042 490637
2043 69874
2044 104811
2045 174685
2046 384307
2047 454181
2048 593929
2049 663803
2050 88102
2051 132153
2052 220255
2053 484561
2054 572663
2055 748867
2056 836969
2057 1013173
2058 10878
2059 18130
2060 27195
2061 39886
2062 59829
2063 99715
2064 47138
2065 70707
2066 117845
2067 259259
2068 61642
2069 92463
2070 154105
2071 339031
2072 400673
2073 68894
2074 103341
2075 172235
2076 378917
2077 447811
2078 585599
2079 83398
2080 125097
2081 208495
2082 458689
2083 542087
2084 708883
2085 792281
2086 105154
2087 157731
2088 262885
2089 578347
2090 683501
2091 893809
2092 998963
2093 1209271
2094 112406
2095 168609
2096 281015
2097 618233
2098 730639
2099 955451
2100 1067857
2101 1292669
2102 1629887
2103 12054
2104 20090
2105 30135
2106 44198
2107 66297
2108 110495
2109 52234
2110 78351
2111 130585
2112 287287
2113 68306
2114 102459
2115 170765
2116 375683
2117 443989
2118 76342
2119 114513
2120 190855
2121 419881
2122 496223
2123 648907
2124 92414
2125 138621
2126 231035
2127 508277
2128 600691
2129 785519
2130 877933
2131 116522
2132 174783
2133 291305
2134 640871
2135 757393
2136 990437
2137 1106959
2138 1340003
2139 124558
2140 186837
2141 311395
2142 685069
2143 809627
2144 1058743
2145 1183301
2146 1432417
2147 1806091
2148 148666
2149 222999
2150 371665
2151 817663
2152 966329
2153 1263661
2154 1412327
2155 1709659
2156 2155657
2157 2304323
2158 3630
2159 5082
2160 8470
2161 12705
2162 9438
2163 15730
2164 23595
2165 22022
2166 33033
2167 55055
2168 12342
2169 20570
2170 30855
2171 28798
2172 43197
2173 71995
2174 53482
2175 80223
2176 133705
2177 187187
2178 13794
2179 22990
2180 34485
2181 32186
2182 48279
2183 80465
2184 59774
2185 89661
2186 149435
2187 209209
2188 78166
2189 117249
2190 195415
2191 273581
2192 508079
2193 16698
2194 27830
2195 41745
2196 38962
2197 58443
2198 97405
2199 72358
2200 108537
2201 180895
2202 253253
2203 94622
2204 141933
2205 236555
2206 331177
2207 615043
2208 105754
2209 158631
2210 264385
2211 370139
2212 687401
2213 898909
2214 21054
2215 35090
2216 52635
2217 49126
2218 73689
2219 122815
2220 91234
2221 136851
2222 228085
2223 319319
2224 119306
2225 178959
2226 298265
2227 417571
2228 775489
2229 133342
2230 200013
2231 333355
2232 466697
2233 866723
2234 1133407
2235 161414
2236 242121
2237 403535
2238 564949
2239 1049191
2240 1372019
2241 1533433
2242 22506
2243 37510
2244 56265
2245 52514
2246 78771
2247 131285
2248 97526
2249 146289
2250 243815
2251 341341
2252 127534
2253 191301
2254 318835
2255 446369
2256 828971
2257 142538
2258 213807
2259 356345
2260 498883
2261 926497
2262 1211573
2263 172546
2264 258819
2265 431365
2266 603911
2267 1121549
2268 1466641
2269 1639187
2270 217558
2271 326337
2272 543895
2273 761453
2274 1414127
2275 1849243
2276 2066801
2277 2501917
2278 26862
2279 44770
2280 67155
2281 62678
2282 94017
2283 156695
2284 116402
2285 174603
2286 291005
2287 407407
2288 152218
2289 228327
2290 380545
2291 532763
2292 989417
2293 170126
2294 255189
2295 425315
2296 595441
2297 1105819
2298 1446071
2299 205942
2300 308913
2301 514855
2302 720797
2303 1338623
2304 1750507
2305 1956449
2306 259666
2307 389499
2308 649165
2309 908831
2310 1687829
2311 2207161
2312 2466827
2313 2986159
2314 277574
2315 416361
2316 693935
2317 971509
2318 1804231
2319 2359379
2320 2636953
2321 3192101
2322 4024823
2323 29766
2324 49610
2325 74415
2326 69454
2327 104181
2328 173635
2329 128986
2330 193479
2331 322465
2332 451451
2333 168674
2334 253011
2335 421685
2336 590359
2337 1096381
2338 188518
2339 282777
2340 471295
2341 659813
2342 1225367
2343 1602403
2344 228206
2345 342309
2346 570515
2347 798721
2348 1483339
2349 1939751
2350 2167957
2351 287738
2352 431607
2353 719345
2354 1007083
2355 1870297
2356 2445773
2357 2733511
2358 3308987
2359 307582
2360 461373
2361 768955
2362 1076537
2363 1999283
2364 2614447
2365 2922029
2366 3537193
2367 4459939
2368 367114
2369 550671
2370 917785
2371 1284899
2372 2386241
2373 3120469
2374 3487583
2375 4221811
2376 5323153
2377 5690267
2378 5070
2379 7098
2380 11830
2381 17745
2382 11154
2383 18590
2384 27885
2385 26026
2386 39039
2387 65065
2388 17238
2389 28730
2390 43095
2391 40222
2392 60333
2393 100555
2394 63206
2395 94809
2396 158015
2397 221221
2398 19266
2399 32110
2400 48165
2401 44954
2402 67431
2403 112385
2404 70642
2405 105963
2406 176605
2407 247247
2408 109174
2409 163761
2410 272935
2411 382109
2412 600457
2413 23322
2414 38870
2415 58305
2416 54418
2417 81627
2418 136045
2419 85514
2420 128271
2421 213785
2422 299299
2423 132158
2424 198237
2425 330395
2426 462553
2427 726869
2428 147706
2429 221559
2430 369265
2431 516971
2432 812383
2433 1255501
2434 29406
2435 49010
2436 73515
2437 68614
2438 102921
2439 171535
2440 107822
2441 161733
2442 269555
2443 377377
2444 166634
2445 249951
2446 416585
2447 583219
2448 916487
2449 186238
2450 279357
2451 465595
2452 651833
2453 1024309
2454 1583023
2455 225446
2456 338169
2457 563615
2458 789061
2459 1239953
2460 1916291
2461 2141737
2462 31434
2463 52390
2464 78585
2465 73346
2466 110019
2467 183365
2468 115258
2469 172887
2470 288145
2471 403403
2472 178126
2473 267189
2474 445315
2475 623441
2476 979693
2477 199082
2478 298623
2479 497705
2480 696787
2481 1094951
2482 1692197
2483 240994
2484 361491
2485 602485
2486 843479
2487 1325467
2488 2048449
2489 2289443
2490 303862
2491 455793
2492 759655
2493 1063517
2494 1671241
2495 2582827
2496 2886689
2497 3494413
2498 37518
2499 62530
2500 93795
2501 87542
2502 131313
2503 218855
2504 137566
2505 206349
2506 343915
2507 481481
2508 212602
2509 318903
2510 531505
2511 744107
2512 1169311
2513 237614
2514 356421
2515 594035
2516 831649
2517 1306877
2518 2019719
2519 287638
2520 431457
2521 719095
2522 1006733
2523 1582009
2524 2444923
2525 2732561
2526 362674
2527 544011
2528 906685
2529 1269359
2530 1994707
2531 3082729
2532 3445403
2533 4170751
2534 387686
2535 581529
2536 969215
2537 1356901
2538 2132273
2539 3295331
2540 3683017
2541 4458389
2542 5621447
2543 41574
2544 69290
2545 103935
2546 97006
2547 145509
2548 242515
2549 152438
2550 228657
2551 381095
2552 533533
2553 235586
2554 353379
2555 588965
2556 824551
2557 1295723
2558 263302
2559 394953
2560 658255
2561 921557
2562 1448161
2563 2238067
2564 318734
2565 478101
2566 796835
2567 1115569
2568 1753037
2569 2709239
2570 3027973
2571 401882
2572 602823
2573 1004705
2574 1406587
2575 2210351
2576 3415997
2577 3817879
2578 4621643
2579 429598
2580 644397
2581 1073995
2582 1503593
2583 2362789
2584 3651583
2585 4081181
2586 4940377
2587 6229171
2588 512746
2589 769119
2590 1281865
2591 1794611
2592 2820103
2593 4358341
2594 4871087
2595 5896579
2596 7434817
2597 7947563
2598 8670
2599 12138
2600 20230
2601 30345
2602 19074
2603 31790
2604 47685
2605 44506
2606 66759
2607 111265
2608 22542
2609 37570
2610 56355
2611 52598
2612 78897
2613 131495
2614 82654
2615 123981
2616 206635
2617 289289
2618 32946
2619 54910
2620 82365
2621 76874
2622 115311
2623 192185
2624 120802
2625 181203
2626 302005
2627 422807
2628 142766
2629 214149
2630 356915
2631 499681
2632 785213
2633 39882
2634 66470
2635 99705
2636 93058
2637 139587
2638 232645
2639 146234
2640 219351
2641 365585
2642 511819
2643 172822
2644 259233
2645 432055
2646 604877
2647 950521
2648 252586
2649 378879
2650 631465
2651 884051
2652 1389223
2653 1641809
2654 50286
2655 83810
2656 125715
2657 117334
2658 176001
2659 293335
2660 184382
2661 276573
2662 460955
2663 645337
2664 217906
2665 326859
2666 544765
2667 762671
2668 1198483
2669 318478
2670 477717
2671 796195
2672 1114673
2673 1751629
2674 2070107
2675 385526
2676 578289
2677 963815
2678 1349341
2679 2120393
2680 2505919
2681 3662497
2682 53754
2683 89590
2684 134385
2685 125426
2686 188139
2687 313565
2688 197098
2689 295647
2690 492745
2691 689843
2692 232934
2693 349401
2694 582335
2695 815269
2696 1281137
2697 340442
2698 510663
2699 851105
2700 1191547
2701 1872431
2702 2212873
2703 412114
2704 618171
2705 1030285
2706 1442399
2707 2266627
2708 2678741
2709 3915083
2710 519622
2711 779433
2712 1299055
2713 1818677
2714 2857921
2715 3377543
2716 4936409
2717 5975653
2718 64158
2719 106930
2720 160395
2721 149702
2722 224553
2723 374255
2724 235246
2725 352869
2726 588115
2727 823361
2728 278018
2729 417027
2730 695045
2731 973063
2732 1529099
2733 406334
2734 609501
2735 1015835
2736 1422169
2737 2234837
2738 2641171
2739 491878
2740 737817
2741 1229695
2742 1721573
2743 2705329
2744 3197207
2745 4672841
2746 620194
2747 930291
2748 1550485
2749 2170679
2750 3411067
2751 4031261
2752 5891843
2753 7132231
2754 662966
2755 994449
2756 1657415
2757 2320381
2758 3646313
2759 4309279
2760 6298177
2761 7624109
2762 9613007
2763 71094
2764 118490
2765 177735
2766 165886
2767 248829
2768 414715
2769 260678
2770 391017
2771 651695
2772 912373
2773 308074
2774 462111
2775 770185
2776 1078259
2777 1694407
2778 450262
2779 675393
2780 1125655
2781 1575917
2782 2476441
2783 2926703
2784 545054
2785 817581
2786 1362635
2787 1907689
2788 2997797
2789 3542851
2790 5178013
2791 687242
2792 1030863
2793 1718105
2794 2405347
2795 3779831
2796 4467073
2797 6528799
2798 7903283
2799 734638
2800 1101957
2801 1836595
2802 2571233
2803 4040509
2804 4775147
2805 6979061
2806 8448337
2807 10652251
2808 876826
2809 1315239
2810 2192065
2811 3068891
2812 4822543
2813 5699369
2814 8329847
2815 10083499
2816 12713977
2817 13590803
2818 10830
2819 15162
2820 25270
2821 37905
2822 23826
2823 39710
2824 59565
2825 55594
2826 83391
2827 138985
2828 28158
2829 46930
2830 70395
2831 65702
2832 98553
2833 164255
2834 103246
2835 154869
2836 258115
2837 361361
2838 36822
2839 61370
2840 92055
2841 85918
2842 128877
2843 214795
2844 135014
2845 202521
2846 337535
2847 472549
2848 159562
2849 239343
2850 398905
2851 558467
2852 877591
2853 49818
2854 83030
2855 124545
2856 116242
2857 174363
2858 290605
2859 182666
2860 273999
2861 456665
2862 639331
2863 215878
2864 323817
2865 539695
2866 755573
2867 1187329
2868 282302
2869 423453
2870 705755
2871 988057
2872 1552661
2873 1834963
2874 62814
2875 104690
2876 157035
2877 146566
2878 219849
2879 366415
2880 230318
2881 345477
2882 575795
2883 806113
2884 272194
2885 408291
2886 680485
2887 952679
2888 1497067
2889 355946
2890 533919
2891 889865
2892 1245811
2893 1957703
2894 2313649
2895 481574
2896 722361
2897 1203935
2898 1685509
2899 2648657
2900 3130231
2901 4093379
2902 67146
2903 111910
2904 167865
2905 156674
2906 235011
2907 391685
2908 246202
2909 369303
2910 615505
2911 861707
2912 290966
2913 436449
2914 727415
2915 1018381
2916 1600313
2917 380494
2918 570741
2919 951235
2920 1331729
2921 2092717
2922 2473211
2923 514786
2924 772179
2925 1286965
2926 1801751
2927 2831323
2928 3346109
2929 4375681
2930 649078
2931 973617
2932 1622695
2933 2271773
2934 3569929
2935 4219007
2936 5517163
2937 7464397
2938 80142
2939 133570
2940 200355
2941 186998
2942 280497
2943 467495
2944 293854
2945 440781
2946 734635
2947 1028489
2948 347282
2949 520923
2950 868205
2951 1215487
2952 1910051
2953 454138
2954 681207
2955 1135345
2956 1589483
2957 2497759
2958 2951897
2959 614422
2960 921633
2961 1536055
2962 2150477
2963 3379321
2964 3993743
2965 5222587
2966 774706
2967 1162059
2968 1936765
2969 2711471
2970 4260883
2971 5035589
2972 6585001
2973 8909119
2974 828134
2975 1242201
2976 2070335
2977 2898469
2978 4554737
2979 5382871
2980 7039139
2981 9523541
2982 12007943
2983 88806
2984 148010
2985 222015
2986 207214
2987 310821
2988 518035
2989 325622
2990 488433
2991 814055
2992 1139677
2993 384826
2994 577239
2995 962065
2996 1346891
2997 2116543
2998 503234
2999 754851
3000 1258085
3001 1761319
3002 2767787
3003 3271021
3004 680846
3005 1021269
3006 1702115
3007 2382961
3008 3744653
3009 4425499
3010 5787191
3011 858458
3012 1287687
3013 2146145
3014 3004603
3015 4721519
3016 5579977
3017 7296893
3018 9872267
3019 917662
3020 1376493
3021 2294155
3022 3211817
3023 5047141
3024 5964803
3025 7800127
3026 10553113
3027 13306099
3028 1095274
3029 1642911
3030 2738185
3031 3833459
3032 6024007
3033 7119281
3034 9309829
3035 12595651
3036 15881473
3037 16976747
3038 15870
3039 22218
3040 37030
3041 55545
3042 34914
3043 58190
3044 87285
3045 81466
3046 122199
3047 203665
3048 41262
3049 68770
3050 103155
3051 96278
3052 144417
3053 240695
3054 151294
3055 226941
3056 378235
3057 529529
3058 53958
3059 89930
3060 134895
3061 125902
3062 188853
3063 314755
3064 197846
3065 296769
3066 494615
3067 692461
3068 233818
3069 350727
3070 584545
3071 818363
3072 1285999
3073 60306
3074 100510
3075 150765
3076 140714
3077 211071
3078 351785
3079 221122
3080 331683
3081 552805
3082 773927
3083 261326
3084 391989
3085 653315
3086 914641
3087 1437293
3088 341734
3089 512601
3090 854335
3091 1196069
3092 1879537
3093 2221271
3094 92046
3095 153410
3096 230115
3097 214774
3098 322161
3099 536935
3100 337502
3101 506253
3102 843755
3103 1181257
3104 398866
3105 598299
3106 997165
3107 1396031
3108 2193763
3109 521594
3110 782391
3111 1303985
3112 1825579
3113 2868767
3114 3390361
3115 582958
3116 874437
3117 1457395
3118 2040353
3119 3206269
3120 3789227
3121 4955143
3122 98394
3123 163990
3124 245985
3125 229586
3126 344379
3127 573965
3128 360778
3129 541167
3130 901945
3131 1262723
3132 426374
3133 639561
3134 1065935
3135 1492309
3136 2345057
3137 557566
3138 836349
3139 1393915
3140 1951481
3141 3066613
3142 3624179
3143 623162
3144 934743
3145 1557905
3146 2181067
3147 3427391
3148 4050553
3149 5296877
3150 951142
3151 1426713
3152 2377855
3153 3328997
3154 5231281
3155 6182423
3156 8084707
3157 9035849
3158 117438
3159 195730
3160 293595
3161 274022
3162 411033
3163 685055
3164 430606
3165 645909
3166 1076515
3167 1507121
3168 508898
3169 763347
3170 1272245
3171 1781143
3172 2798939
3173 665482
3174 998223
3175 1663705
3176 2329187
3177 3660151
3178 4325633
3179 743774
3180 1115661
3181 1859435
3182 2603209
3183 4090757
3184 4834531
3185 6322079
3186 1135234
3187 1702851
3188 2838085
3189 3973319
3190 6243787
3191 7379021
3192 9649489
3193 10784723
3194 1213526
3195 1820289
3196 3033815
3197 4247341
3198 6674393
3199 7887919
3200 10314971
3201 11528497
3202 17596127
3203 130134
3204 216890
3205 325335
3206 303646
3207 455469
3208 759115
3209 477158
3210 715737
3211 1192895
3212 1670053
3213 563914
3214 845871
3215 1409785
3216 1973699
3217 3101527
3218 737426
3219 1106139
3220 1843565
3221 2580991
3222 4055843
3223 4793269
3224 824182
3225 1236273
3226 2060455
3227 2884637
3228 4533001
3229 5357183
3230 7005547
3231 1257962
3232 1886943
3233 3144905
3234 4402867
3235 6918791
3236 8176753
3237 10692677
3238 11950639
3239 1344718
3240 2017077
3241 3361795
3242 4706513
3243 7395949
3244 8740667
3245 11430103
3246 12774821
3247 19498411
3248 1604986
3249 2407479
3250 4012465
3251 5617451
3252 8827423
3253 10432409
3254 13642381
3255 15247367
3256 23272297
3257 24877283
3258 25230
3259 35322
3260 58870
3261 88305
3262 55506
3263 92510
3264 138765
3265 129514
3266 194271
3267 323785
3268 65598
3269 109330
3270 163995
3271 153062
3272 229593
3273 382655
3274 240526
3275 360789
3276 601315
3277 841841
3278 85782
3279 142970
3280 214455
3281 200158
3282 300237
3283 500395
3284 314534
3285 471801
3286 786335
3287 1100869
3288 371722
3289 557583
3290 929305
3291 1301027
3292 2044471
3293 95874
3294 159790
3295 239685
3296 223706
3297 335559
3298 559265
3299 351538
3300 527307
3301 878845
3302 1230383
3303 415454
3304 623181
3305 1038635
3306 1454089
3307 2284997
3308 543286
3309 814929
3310 1358215
3311 1901501
3312 2988073
3313 3531359
3314 116058
3315 193430
3316 290145
3317 270802
3318 406203
3319 677005
3320 425546
3321 638319
3322 1063865
3323 1489411
3324 502918
3325 754377
3326 1257295
3327 1760213
3328 2766049
3329 657662
3330 986493
3331 1644155
3332 2301817
3333 3617141
3334 4274803
3335 735034
3336 1102551
3337 1837585
3338 2572619
3339 4042687
3340 4777721
3341 6247789
3342 156426
3343 260710
3344 391065
3345 364994
3346 547491
3347 912485
3348 573562
3349 860343
3350 1433905
3351 2007467
3352 677846
3353 1016769
3354 1694615
3355 2372461
3356 3728153
3357 886414
3358 1329621
3359 2216035
3360 3102449
3361 4875277
3362 5761691
3363 990698
3364 1486047
3365 2476745
3366 3467443
3367 5448839
3368 6439537
3369 8420933
3370 1199266
3371 1798899
3372 2998165
3373 4197431
3374 6595963
3375 7795229
3376 10193761
3377 11393027
3378 186702
3379 311170
3380 466755
3381 435638
3382 653457
3383 1089095
3384 684574
3385 1026861
3386 1711435
3387 2396009
3388 809042
3389 1213563
3390 2022605
3391 2831647
3392 4449731
3393 1057978
3394 1586967
3395 2644945
3396 3702923
3397 5818879
3398 6876857
3399 1182446
3400 1773669
3401 2956115
3402 4138561
3403 6503453
3404 7685899
3405 10050791
3406 1431382
3407 2147073
3408 3578455
3409 5009837
3410 7872601
3411 9303983
3412 12166747
3413 13598129
3414 1929254
3415 2893881
3416 4823135
3417 6752389
3418 10610897
3419 12540151
3420 16398659
3421 18327913
3422 22186421
3423 206886
3424 344810
3425 517215
3426 482734
3427 724101
3428 1206835
3429 758582
3430 1137873
3431 1896455
3432 2655037
3433 896506
3434 1344759
3435 2241265
3436 3137771
3437 4930783
3438 1172354
3439 1758531
3440 2930885
3441 4103239
3442 6447947
3443 7620301
3444 1310278
3445 1965417
3446 3275695
3447 4585973
3448 7206529
3449 8516807
3450 11137363
3451 1586126
3452 2379189
3453 3965315
3454 5551441
3455 8723693
3456 10309819
3457 13482071
3458 15068197
3459 2137822
3460 3206733
3461 5344555
3462 7482377
3463 11758021
3464 13895843
3465 18171487
3466 20309309
3467 24584953
3468 2551594
3469 3827391
3470 6378985
3471 8930579
3472 14033767
3473 16585361
3474 21688549
3475 24240143
3476 29343331
3477 39549707
3478 28830
3479 40362
3480 67270
3481 100905
3482 63426
3483 105710
3484 158565
3485 147994
3486 221991
3487 369985
3488 74958
3489 124930
3490 187395
3491 174902
3492 262353
3493 437255
3494 274846
3495 412269
3496 687115
3497 961961
3498 98022
3499 163370
3500 245055
3501 228718
3502 343077
3503 571795
3504 359414
3505 539121
3506 898535
3507 1257949
3508 424762
3509 637143
3510 1061905
3511 1486667
3512 2336191
3513 109554
3514 182590
3515 273885
3516 255626
3517 383439
3518 639065
3519 401698
3520 602547
3521 1004245
3522 1405943
3523 474734
3524 712101
3525 1186835
3526 1661569
3527 2611037
3528 620806
3529 931209
3530 1552015
3531 2172821
3532 3414433
3533 4035239
3534 132618
3535 221030
3536 331545
3537 309442
3538 464163
3539 773605
3540 486266
3541 729399
3542 1215665
3543 1701931
3544 574678
3545 862017
3546 1436695
3547 2011373
3548 3160729
3549 751502
3550 1127253
3551 1878755
3552 2630257
3553 4133261
3554 4884763
3555 839914
3556 1259871
3557 2099785
3558 2939699
3559 4619527
3560 5459441
3561 7139269
3562 167214
3563 278690
3564 418035
3565 390166
3566 585249
3567 975415
3568 613118
3569 919677
3570 1532795
3571 2145913
3572 724594
3573 1086891
3574 1811485
3575 2536079
3576 3985267
3577 947546
3578 1421319
3579 2368865
3580 3316411
3581 5211503
3582 6159049
3583 1059022
3584 1588533
3585 2647555
3586 3706577
3587 5824621
3588 6883643
3589 9001687
3590 1281974
3591 1922961
3592 3204935
3593 4486909
3594 7050857
3595 8332831
3596 10896779
3597 12178753
3598 213342
3599 355570
3600 533355
3601 497798
3602 746697
3603 1244495
3604 782254
3605 1173381
3606 1955635
3607 2737889
3608 924482
3609 1386723
3610 2311205
3611 3235687
3612 5084651
3613 1208938
3614 1813407
3615 3022345
3616 4231283
3617 6649159
3618 7858097
3619 1351166
3620 2026749
3621 3377915
3622 4729081
3623 7431413
3624 8782579
3625 11484911
3626 1635622
3627 2453433
3628 4089055
3629 5724677
3630 8995921
3631 10631543
3632 13902787
3633 15538409
3634 2062306
3635 3093459
3636 5155765
3637 7218071
3638 11342683
3639 13404989
3640 17529601
3641 19591907
3642 23716519
3643 236406
3644 394010
3645 591015
3646 551614
3647 827421
3648 1379035
3649 866822
3650 1300233
3651 2167055
3652 3033877
3653 1024426
3654 1536639
3655 2561065
3656 3585491
3657 5634343
3658 1339634
3659 2009451
3660 3349085
3661 4688719
3662 7367987
3663 8707621
3664 1497238
3665 2245857
3666 3743095
3667 5240333
3668 8234809
3669 9732047
3670 12726523
3671 1812446
3672 2718669
3673 4531115
3674 6343561
3675 9968453
3676 11780899
3677 15405791
3678 17218237
3679 2285258
3680 3427887
3681 5713145
3682 7998403
3683 12568919
3684 14854177
3685 19424693
3686 21709951
3687 26280467
3688 2915674
3689 4373511
3690 7289185
3691 10204859
3692 16036207
3693 18951881
3694 24783229
3695 27698903
3696 33530251
3697 42277273
3698 41070
3699 57498
3700 95830
3701 143745
3702 90354
3703 150590
3704 225885
3705 210826
3706 316239
3707 527065
3708 106782
3709 177970
3710 266955
3711 249158
3712 373737
3713 622895
3714 391534
3715 587301
3716 978835
3717 1370369
3718 139638
3719 232730
3720 349095
3721 325822
3722 488733
3723 814555
3724 512006
3725 768009
3726 1280015
3727 1792021
3728 605098
3729 907647
3730 1512745
3731 2117843
3732 3328039
3733 156066
3734 260110
3735 390165
3736 364154
3737 546231
3738 910385
3739 572242
3740 858363
3741 1430605
3742 2002847
3743 676286
3744 1014429
3745 1690715
3746 2367001
3747 3719573
3748 884374
3749 1326561
3750 2210935
3751 3095309
3752 4864057
3753 5748431
3754 188922
3755 314870
3756 472305
3757 440818
3758 661227
3759 1102045
3760 692714
3761 1039071
3762 1731785
3763 2424499
3764 818662
3765 1227993
3766 2046655
3767 2865317
3768 4502641
3769 1070558
3770 1605837
3771 2676395
3772 3746953
3773 5888069
3774 6958627
3775 1196506
3776 1794759
3777 2991265
3778 4187771
3779 6580783
3780 7777289
3781 10170301
3782 238206
3783 397010
3784 595515
3785 555814
3786 833721
3787 1389535
3788 873422
3789 1310133
3790 2183555
3791 3056977
3792 1032226
3793 1548339
3794 2580565
3795 3612791
3796 5677243
3797 1349834
3798 2024751
3799 3374585
3800 4724419
3801 7424087
3802 8773921
3803 1508638
3804 2262957
3805 3771595
3806 5280233
3807 8297509
3808 9806147
3809 12823423
3810 1826246
3811 2739369
3812 4565615
3813 6391861
3814 10044353
3815 11870599
3816 15523091
3817 17349337
3818 254634
3819 424390
3820 636585
3821 594146
3822 891219
3823 1485365
3824 933658
3825 1400487
3826 2334145
3827 3267803
3828 1103414
3829 1655121
3830 2758535
3831 3861949
3832 6068777
3833 1442926
3834 2164389
3835 3607315
3836 5050241
3837 7936093
3838 9379019
3839 1612682
3840 2419023
3841 4031705
3842 5644387
3843 8869751
3844 10482433
3845 13707797
3846 1952194
3847 2928291
3848 4880485
3849 6832679
3850 10737067
3851 12689261
3852 16593649
3853 18545843
3854 2461462
3855 3692193
3856 6153655
3857 8615117
3858 13538041
3859 15999503
3860 20922427
3861 23383889
3862 28306813
3863 336774
3864 561290
3865 841935
3866 785806
3867 1178709
3868 1964515
3869 1234838
3870 1852257
3871 3087095
3872 4321933
3873 1459354
3874 2189031
3875 3648385
3876 5107739
3877 8026447
3878 1908386
3879 2862579
3880 4770965
3881 6679351
3882 10496123
3883 12404509
3884 2132902
3885 3199353
3886 5332255
3887 7465157
3888 11730961
3889 13863863
3890 18129667
3891 2581934
3892 3872901
3893 6454835
3894 9036769
3895 14200637
3896 16782571
3897 21946439
3898 24528373
3899 3255482
3900 4883223
3901 8138705
3902 11394187
3903 17905151
3904 21160633
3905 27671597
3906 30927079
3907 37438043
3908 3479998
3909 5219997
3910 8699995
3911 12179993
3912 19139989
3913 22619987
3914 29579983
3915 33059981
3916 40019977
3917 50459971
3918 50430
3919 70602
3920 117670
3921 176505
3922 110946
3923 184910
3924 277365
3925 258874
3926 388311
3927 647185
3928 131118
3929 218530
3930 327795
3931 305942
3932 458913
3933 764855
3934 480766
3935 721149
3936 1201915
3937 1682681
3938 171462
3939 285770
3940 428655
3941 400078
3942 600117
3943 1000195
3944 628694
3945 943041
3946 1571735
3947 2200429
3948 743002
3949 1114503
3950 1857505
3951 2600507
3952 4086511
3953 191634
3954 319390
3955 479085
3956 447146
3957 670719
3958 1117865
3959 702658
3960 1053987
3961 1756645
3962 2459303
3963 830414
3964 1245621
3965 2076035
3966 2906449
3967 4567277
3968 1085926
3969 1628889
3970 2714815
3971 3800741
3972 5972593
3973 7058519
3974 231978
3975 386630
3976 579945
3977 541282
3978 811923
3979 1353205
3980 850586
3981 1275879
3982 2126465
3983 2977051
3984 1005238
3985 1507857
3986 2513095
3987 3518333
3988 5528809
3989 1314542
3990 1971813
3991 3286355
3992 4600897
3993 7229981
3994 8544523
3995 1469194
3996 2203791
3997 3672985
3998 5142179
3999 8080567
4000 9549761
4001 12488149
4002 292494
4003 487490
4004 731235
4005 682486
4006 1023729
4007 1706215
4008 1072478
4009 1608717
4010 2681195
4011 3753673
4012 1267474
4013 1901211
4014 3168685
4015 4436159
4016 6971107
4017 1657466
4018 2486199
4019 4143665
4020 5801131
4021 9116063
4022 10773529
4023 1852462
4024 2778693
4025 4631155
4026 6483617
4027 10188541
4028 12041003
4029 15745927
4030 2242454
4031 3363681
4032 5606135
4033 7848589
4034 12333497
4035 14575951
4036 19060859
4037 21303313
4038 312666
4039 521110
4040 781665
4041 729554
4042 1094331
4043 1823885
4044 1146442
4045 1719663
4046 2866105
4047 4012547
4048 1354886
4049 2032329
4050 3387215
4051 4742101
4052 7451873
4053 1771774
4054 2657661
4055 4429435
4056 6201209
4057 9744757
4058 11516531
4059 1980218
4060 2970327
4061 4950545
4062 6930763
4063 10891199
4064 12871417
4065 16831853
4066 2397106
4067 3595659
4068 5992765
4069 8389871
4070 13184083
4071 15581189
4072 20375401
4073 22772507
4074 3022438
4075 4533657
4076 7556095
4077 10578533
4078 16623409
4079 19645847
4080 25690723
4081 28713161
4082 34758037
4083 373182
4084 621970
4085 932955
4086 870758
4087 1306137
4088 2176895
4089 1368334
4090 2052501
4091 3420835
4092 4789169
4093 1617122
4094 2425683
4095 4042805
4096 5659927
4097 8894171
4098 2114698
4099 3172047
4100 5286745
4101 7401443
4102 11630839
4103 13745537
4104 2363486
4105 3545229
4106 5908715
4107 8272201
4108 12999173
4109 15362659
4110 20089631
4111 2861062
4112 4291593
4113 7152655
4114 10013717
4115 15735841
4116 18596903
4117 24319027
4118 27180089
4119 3607426
4120 5411139
4121 9018565
4122 12625991
4123 19840843
4124 23448269
4125 30663121
4126 34270547
4127 41485399
4128 3856214
4129 5784321
4130 9640535
4131 13496749
4132 21209177
4133 25065391
4134 32777819
4135 36634033
4136 44346461
4137 55915103
4138 180
4139 252
4140 396
4141 468
4142 612
4143 684
4144 828
4145 1044
4146 1116
4147 1332
4148 1476
4149 300
4150 700
4151 1100
4152 1300
4153 1700
4154 1900
4155 2300
4156 2900
4157 3100
4158 3700
4159 4100
4160 450
4161 1575
4162 2475
4163 2925
4164 3825
4165 4275
4166 5175
4167 6525
4168 6975
4169 8325
4170 9225
4171 588
4172 980
4173 2156
4174 2548
4175 3332
4176 3724
4177 4508
4178 5684
4179 6076
4180 7252
4181 8036
4182 882
4183 2205
4184 4851
4185 5733
4186 7497
4187 8379
4188 10143
4189 12789
4190 13671
4191 16317
4192 18081
4193 2450
4194 3675
4195 13475
4196 15925
4197 20825
4198 23275
4199 28175
4200 35525
4201 37975
4202 45325
4203 50225
4204 1452
4205 2420
4206 3388
4207 6292
4208 8228
4209 9196
4210 11132
4211 14036
4212 15004
4213 17908
4214 19844
4215 2178
4216 5445
4217 7623
4218 14157
4219 18513
4220 20691
4221 25047
4222 31581
4223 33759
4224 40293
4225 44649
4226 6050
4227 9075
4228 21175
4229 39325
4230 51425
4231 57475
4232 69575
4233 87725
4234 93775
4235 111925
4236 124025
4237 11858
4238 17787
4239 29645
4240 77077
4241 100793
4242 112651
4243 136367
4244 171941
4245 183799
4246 219373
4247 243089
4248 2028
4249 3380
4250 4732
4251 7436
4252 11492
4253 12844
4254 15548
4255 19604
4256 20956
4257 25012
4258 27716
4259 3042
4260 7605
4261 10647
4262 16731
4263 25857
4264 28899
4265 34983
4266 44109
4267 47151
4268 56277
4269 62361
4270 8450
4271 12675
4272 29575
4273 46475
4274 71825
4275 80275
4276 97175
4277 122525
4278 130975
4279 156325
4280 173225
4281 16562
4282 24843
4283 41405
4284 91091
4285 140777
4286 157339
4287 190463
4288 240149
4289 256711
4290 306397
4291 339521
4292 40898
4293 61347
4294 102245
4295 143143
4296 347633
4297 388531
4298 470327
4299 593021
4300 633919
4301 756613
4302 838409
4303 3468
4304 5780
4305 8092
4306 12716
4307 15028
4308 21964
4309 26588
4310 33524
4311 35836
4312 42772
4313 47396
4314 5202
4315 13005
4316 18207
4317 28611
4318 33813
4319 49419
4320 59823
4321 75429
4322 80631
4323 96237
4324 106641
4325 14450
4326 21675
4327 50575
4328 79475
4329 93925
4330 137275
4331 166175
4332 209525
4333 223975
4334 267325
4335 296225
4336 28322
4337 42483
4338 70805
4339 155771
4340 184093
4341 269059
4342 325703
4343 410669
4344 438991
4345 523957
4346 580601
4347 69938
4348 104907
4349 174845
4350 244783
4351 454597
4352 664411
4353 804287
4354 1014101
4355 1084039
4356 1293853
4357 1433729
4358 97682
4359 146523
4360 244205
4361 341887
4362 537251
4363 927979
4364 1123343
4365 1416389
4366 1514071
4367 1807117
4368 2002481
4369 4332
4370 7220
4371 10108
4372 15884
4373 18772
4374 24548
4375 33212
4376 41876
4377 44764
4378 53428
4379 59204
4380 6498
4381 16245
4382 22743
4383 35739
4384 42237
4385 55233
4386 74727
4387 94221
4388 100719
4389 120213
4390 133209
4391 18050
4392 27075
4393 63175
4394 99275
4395 117325
4396 153425
4397 207575
4398 261725
4399 279775
4400 333925
4401 370025
4402 35378
4403 53067
4404 88445
4405 194579
4406 229957
4407 300713
4408 406847
4409 512981
4410 548359
4411 654493
4412 725249
4413 87362
4414 131043
4415 218405
4416 305767
4417 567853
4418 742577
4419 1004663
4420 1266749
4421 1354111
4422 1616197
4423 1790921
4424 122018
4425 183027
4426 305045
4427 427063
4428 671099
4429 1037153
4430 1403207
4431 1769261
4432 1891279
4433 2257333
4434 2501369
4435 208658
4436 312987
4437 521645
4438 730303
4439 1147619
4440 1356277
4441 2399567
4442 3025541
4443 3234199
4444 3860173
4445 4277489
4446 6348
4447 10580
4448 14812
4449 23276
4450 27508
4451 35972
4452 40204
4453 61364
4454 65596
4455 78292
4456 86756
4457 9522
4458 23805
4459 33327
4460 52371
4461 61893
4462 80937
4463 90459
4464 138069
4465 147591
4466 176157
4467 195201
4468 26450
4469 39675
4470 92575
4471 145475
4472 171925
4473 224825
4474 251275
4475 383525
4476 409975
4477 489325
4478 542225
4479 51842
4480 77763
4481 129605
4482 285131
4483 336973
4484 440657
4485 492499
4486 751709
4487 803551
4488 959077
4489 1062761
4490 128018
4491 192027
4492 320045
4493 448063
4494 832117
4495 1088153
4496 1216171
4497 1856261
4498 1984279
4499 2368333
4500 2624369
4501 178802
4502 268203
4503 447005
4504 625807
4505 983411
4506 1519817
4507 1698619
4508 2592629
4509 2771431
4510 3307837
4511 3665441
4512 305762
4513 458643
4514 764405
4515 1070167
4516 1681691
4517 1987453
4518 2904739
4519 4433549
4520 4739311
4521 5656597
4522 6268121
4523 381938
4524 572907
4525 954845
4526 1336783
4527 2100659
4528 2482597
4529 3246473
4530 5538101
4531 5920039
4532 7065853
4533 7829729
4534 10092
4535 16820
4536 23548
4537 37004
4538 43732
4539 57188
4540 63916
4541 77372
4542 104284
4543 124468
4544 137924
4545 15138
4546 37845
4547 52983
4548 83259
4549 98397
4550 128673
4551 143811
4552 174087
4553 234639
4554 280053
4555 310329
4556 42050
4557 63075
4558 147175
4559 231275
4560 273325
4561 357425
4562 399475
4563 483575
4564 651775
4565 777925
4566 862025
4567 82418
4568 123627
4569 206045
4570 453299
4571 535717
4572 700553
4573 782971
4574 947807
4575 1277479
4576 1524733
4577 1689569
4578 203522
4579 305283
4580 508805
4581 712327
4582 1322893
4583 1729937
4584 1933459
4585 2340503
4586 3154591
4587 3765157
4588 4172201
4589 284258
4590 426387
4591 710645
4592 994903
4593 1563419
4594 2416193
4595 2700451
4596 3268967
4597 4405999
4598 5258773
4599 5827289
4600 486098
4601 729147
4602 1215245
4603 1701343
4604 2673539
4605 3159637
4606 4617931
4607 5590127
4608 7534519
4609 8992813
4610 9965009
4611 607202
4612 910803
4613 1518005
4614 2125207
4615 3339611
4616 3946813
4617 5161217
4618 6982823
4619 9411631
4620 11233237
4621 12447641
4622 889778
4623 1334667
4624 2224445
4625 3114223
4626 4893779
4627 5783557
4628 7563113
4629 8452891
4630 13791559
4631 16460893
4632 18240449
4633 11532
4634 19220
4635 26908
4636 42284
4637 49972
4638 65348
4639 73036
4640 88412
4641 111476
4642 142228
4643 157604
4644 17298
4645 43245
4646 60543
4647 95139
4648 112437
4649 147033
4650 164331
4651 198927
4652 250821
4653 320013
4654 354609
4655 48050
4656 72075
4657 168175
4658 264275
4659 312325
4660 408425
4661 456475
4662 552575
4663 696725
4664 888925
4665 985025
4666 94178
4667 141267
4668 235445
4669 517979
4670 612157
4671 800513
4672 894691
4673 1083047
4674 1365581
4675 1742293
4676 1930649
4677 232562
4678 348843
4679 581405
4680 813967
4681 1511653
4682 1976777
4683 2209339
4684 2674463
4685 3372149
4686 4302397
4687 4767521
4688 324818
4689 487227
4690 812045
4691 1136863
4692 1786499
4693 2760953
4694 3085771
4695 3735407
4696 4709861
4697 6009133
4698 6658769
4699 555458
4700 833187
4701 1388645
4702 1944103
4703 3055019
4704 3610477
4705 5276851
4706 6387767
4707 8054141
4708 10275973
4709 11386889
4710 693842
4711 1040763
4712 1734605
4713 2428447
4714 3816131
4715 4509973
4716 5897657
4717 7979183
4718 10060709
4719 12836077
4720 14223761
4721 1016738
4722 1525107
4723 2541845
4724 3558583
4725 5592059
4726 6608797
4727 8642273
4728 9659011
4729 14742701
4730 18809653
4731 20843129
4732 1616402
4733 2424603
4734 4041005
4735 5657407
4736 8890211
4737 10506613
4738 13739417
4739 15355819
4740 18588623
4741 29903437
4742 33136241
4743 16428
4744 27380
4745 38332
4746 60236
4747 71188
4748 93092
4749 104044
4750 125948
4751 158804
4752 169756
4753 224516
4754 24642
4755 61605
4756 86247
4757 135531
4758 160173
4759 209457
4760 234099
4761 283383
4762 357309
4763 381951
4764 505161
4765 68450
4766 102675
4767 239575
4768 376475
4769 444925
4770 581825
4771 650275
4772 787175
4773 992525
4774 1060975
4775 1403225
4776 134162
4777 201243
4778 335405
4779 737891
4780 872053
4781 1140377
4782 1274539
4783 1542863
4784 1945349
4785 2079511
4786 2750321
4787 331298
4788 496947
4789 828245
4790 1159543
4791 2153437
4792 2816033
4793 3147331
4794 3809927
4795 4803821
4796 5135119
4797 6791609
4798 462722
4799 694083
4800 1156805
4801 1619527
4802 2544971
4803 3933137
4804 4395859
4805 5321303
4806 6709469
4807 7172191
4808 9485801
4809 791282
4810 1186923
4811 1978205
4812 2769487
4813 4352051
4814 5143333
4815 7517179
4816 9099743
4817 11473589
4818 12264871
4819 16221281
4820 988418
4821 1482627
4822 2471045
4823 3459463
4824 5436299
4825 6424717
4826 8401553
4827 11366807
4828 14332061
4829 15320479
4830 20262569
4831 1448402
4832 2172603
4833 3621005
4834 5069407
4835 7966211
4836 9414613
4837 12311417
4838 13759819
4839 21001829
4840 22450231
4841 29692241
4842 2302658
4843 3453987
4844 5756645
4845 8059303
4846 12664619
4847 14967277
4848 19572593
4849 21875251
4850 26480567
4851 35691199
4852 47204489
4853 2631218
4854 3946827
4855 6578045
4856 9209263
4857 14471699
4858 17102917
4859 22365353
4860 24996571
4861 30259007
4862 38152661
4863 53939969
4864 20172
4865 33620
4866 47068
4867 73964
4868 87412
4869 114308
4870 127756
4871 154652
4872 194996
4873 208444
4874 248788
4875 30258
4876 75645
4877 105903
4878 166419
4879 196677
4880 257193
4881 287451
4882 347967
4883 438741
4884 468999
4885 559773
4886 84050
4887 126075
4888 294175
4889 462275
4890 546325
4891 714425
4892 798475
4893 966575
4894 1218725
4895 1302775
4896 1554925
4897 164738
4898 247107
4899 411845
4900 906059
4901 1070797
4902 1400273
4903 1565011
4904 1894487
4905 2388701
4906 2553439
4907 3047653
4908 406802
4909 610203
4910 1017005
4911 1423807
4912 2644213
4913 3457817
4914 3864619
4915 4678223
4916 5898629
4917 6305431
4918 7525837
4919 568178
4920 852267
4921 1420445
4922 1988623
4923 3124979
4924 4829513
4925 5397691
4926 6534047
4927 8806759
4928 8806759
4929 10511293
4930 971618
4931 1457427
4932 2429045
4933 3400663
4934 5343899
4935 6315517
4936 9230371
4937 11173607
4938 14088461
4939 15060079
4940 17974933
4941 1213682
4942 1820523
4943 3034205
4944 4247887
4945 6675251
4946 7888933
4947 10316297
4948 13957343
4949 17598389
4950 18812071
4951 22453117
4952 1778498
4953 2667747
4954 4446245
4955 6224743
4956 9781739
4957 11560237
4958 15117233
4959 16895731
4960 25788221
4961 27566719
4962 32902213
4963 2827442
4964 4241163
4965 7068605
4966 9896047
4967 15550931
4968 18378373
4969 24033257
4970 26860699
4971 32515583
4972 43825351
4973 52307677
4974 3230882
4975 4846323
4976 8077205
4977 11308087
4978 17769851
4979 21000733
4980 27462497
4981 30693379
4982 37155143
4983 46847789
4984 59771317
4985 4602578
4986 6903867
4987 11506445
4988 16109023
4989 25314179
4990 29916757
4991 39121913
4992 43724491
4993 52929647
4994 66737381
4995 71339959
4996 120
4997 168
4998 280
4999 264
5000 440
5001 616
5002 312
5003 520
5004 728
5005 1144
5006 408
5007 680
5008 952
5009 1496
5010 1768
5011 456
5012 760
5013 1064
5014 1672
5015 1976
5016 2584
5017 552
5018 920
5019 1288
5020 2024
5021 2392
5022 3128
5023 3496
5024 696
5025 1160
5026 1624
5027 2552
5028 3016
5029 3944
5030 4408
5031 5336
5032 744
5033 1240
5034 1736
5035 2728
5036 3224
5037 4216
5038 4712
5039 5704
5040 7192
5041 888
5042 1480
5043 2072
5044 3256
5045 3848
5046 5032
5047 5624
5048 6808
5049 8584
5050 9176
5051 984
5052 1640
5053 2296
5054 3608
5055 4264
5056 5576
5057 6232
5058 7544
5059 9512
5060 10168
5061 12136
5062 270
5063 378
5064 945
5065 594
5066 1485
5067 2079
5068 702
5069 1755
5070 2457
5071 3861
5072 918
5073 2295
5074 3213
5075 5049
5076 5967
5077 1026
5078 2565
5079 3591
5080 5643
5081 6669
5082 8721
5083 1242
5084 3105
5085 4347
5086 6831
5087 8073
5088 10557
5089 11799
5090 1566
5091 3915
5092 5481
5093 8613
5094 10179
5095 13311
5096 14877
5097 18009
5098 1674
5099 4185
5100 5859
5101 9207
5102 10881
5103 14229
5104 15903
5105 19251
5106 24273
5107 1998
5108 4995
5109 6993
5110 10989
5111 12987
5112 16983
5113 18981
5114 22977
5115 28971
5116 30969
5117 2214
5118 5535
5119 7749
5120 12177
5121 14391
5122 18819
5123 21033
5124 25461
5125 32103
5126 34317
5127 40959
5128 750
5129 1750
5130 2625
5131 2750
5132 4125
5133 9625
5134 3250
5135 4875
5136 11375
5137 17875
5138 4250
5139 6375
5140 14875
5141 23375
5142 27625
5143 4750
5144 7125
5145 16625
5146 26125
5147 30875
5148 40375
5149 5750
5150 8625
5151 20125
5152 31625
5153 37375
5154 48875
5155 54625
5156 7250
5157 10875
5158 25375
5159 39875
5160 47125
5161 61625
5162 68875
5163 83375
5164 7750
5165 11625
5166 27125
5167 42625
5168 50375
5169 65875
5170 73625
5171 89125
5172 112375
5173 9250
5174 13875
5175 32375
5176 50875
5177 60125
5178 78625
5179 87875
5180 106375
5181 134125
5182 143375
5183 10250
5184 15375
5185 35875
5186 56375
5187 66625
5188 87125
5189 97375
5190 117875
5191 148625
5192 158875
5193 189625
5194 2058
5195 3430
5196 5145
5197 7546
5198 11319
5199 18865
5200 8918
5201 13377
5202 22295
5203 49049
5204 11662
5205 17493
5206 29155
5207 64141
5208 75803
5209 13034
5210 19551
5211 32585
5212 71687
5213 84721
5214 110789
5215 15778
5216 23667
5217 39445
5218 86779
5219 102557
5220 134113
5221 149891
5222 19894
5223 29841
5224 49735
5225 109417
5226 129311
5227 169099
5228 188993
5229 228781
5230 21266
5231 31899
5232 53165
5233 116963
5234 138229
5235 180761
5236 202027
5237 244559
5238 308357
5239 25382
5240 38073
5241 63455
5242 139601
5243 164983
5244 215747
5245 241129
5246 291893
5247 368039
5248 393421
5249 28126
5250 42189
5251 70315
5252 154693
5253 182819
5254 239071
5255 267197
5256 323449
5257 407827
5258 435953
5259 520331
5260 7986
5261 13310
5262 19965
5263 18634
5264 27951
5265 46585
5266 34606
5267 51909
5268 86515
5269 121121
5270 45254
5271 67881
5272 113135
5273 158389
5274 294151
5275 50578
5276 75867
5277 126445
5278 177023
5279 328757
5280 429913
5281 61226
5282 91839
5283 153065
5284 214291
5285 397969
5286 520421
5287 581647
5288 77198
5289 115797
5290 192995
5291 270193
5292 501787
5293 656183
5294 733381
5295 887777
5296 82522
5297 123783
5298 206305
5299 288827
5300 536393
5301 701437
5302 783959
5303 949003
5304 1196569
5305 98494
5306 147741
5307 246235
5308 344729
5309 640211
5310 837199
5311 935693
5312 1132681
5313 1428163
5314 1526657
5315 109142
5316 163713
5317 272855
5318 381997
5319 709423
5320 927707
5321 1036849
5322 1255133
5323 1582559
5324 1691701
5325 2019127
5326 13182
5327 21970
5328 32955
5329 30758
5330 46137
5331 76895
5332 48334
5333 72501
5334 120835
5335 169169
5336 74698
5337 112047
5338 186745
5339 261443
5340 410839
5341 83486
5342 125229
5343 208715
5344 292201
5345 459173
5346 709631
5347 101062
5348 151593
5349 252655
5350 353717
5351 555841
5352 859027
5353 960089
5354 127426
5355 191139
5356 318565
5357 445991
5358 700843
5359 1083121
5360 1210547
5361 1465399
5362 136214
5363 204321
5364 340535
5365 476749
5366 749177
5367 1157819
5368 1294033
5369 1566461
5370 1975103
5371 162578
5372 243867
5373 406445
5374 569023
5375 894179
5376 1381913
5377 1544491
5378 1869647
5379 2357381
5380 2519959
5381 180154
5382 270231
5383 450385
5384 630539
5385 990847
5386 1531309
5387 1711463
5388 2071771
5389 2612233
5390 2792387
5391 3332849
5392 29478
5393 49130
5394 73695
5395 68782
5396 103173
5397 171955
5398 108086
5399 162129
5400 270215
5401 378301
5402 127738
5403 191607
5404 319345
5405 447083
5406 702559
5407 186694
5408 280041
5409 466735
5410 653429
5411 1026817
5412 1213511
5413 225998
5414 338997
5415 564995
5416 790993
5417 1242989
5418 1468987
5419 2146981
5420 284954
5421 427431
5422 712385
5423 997339
5424 1567247
5425 1852201
5426 2707063
5427 3276971
5428 304606
5429 456909
5430 761515
5431 1066121
5432 1675333
5433 1979939
5434 2893757
5435 3502969
5436 4416787
5437 363562
5438 545343
5439 908905
5440 1272467
5441 1999591
5442 2363153
5443 3453839
5444 4180963
5445 5271649
5446 5635211
5447 402866
5448 604299
5449 1007165
5450 1410031
5451 2215763
5452 2618629
5453 3827227
5454 4632959
5455 5841557
5456 6244423
5457 7453021
5458 41154
5459 68590
5460 102885
5461 96026
5462 144039
5463 240065
5464 150898
5465 226347
5466 377245
5467 528143
5468 178334
5469 267501
5470 445835
5471 624169
5472 980837
5473 233206
5474 349809
5475 583015
5476 816221
5477 1282633
5478 1515839
5479 315514
5480 473271
5481 788785
5482 1104299
5483 1735327
5484 2050841
5485 2681869
5486 397822
5487 596733
5488 994555
5489 1392377
5490 2188021
5491 2585843
5492 3381487
5493 4574953
5494 425258
5495 637887
5496 1063145
5497 1488403
5498 2338919
5499 2764177
5500 3614693
5501 4890467
5502 6166241
5503 507566
5504 761349
5505 1268915
5506 1776481
5507 2791613
5508 3299179
5509 4314311
5510 5837009
5511 7359707
5512 7867273
5513 562438
5514 843657
5515 1406095
5516 1968533
5517 3093409
5518 3655847
5519 4780723
5520 6468037
5521 8155351
5522 8717789
5523 10405103
5524 73002
5525 121670
5526 182505
5527 170338
5528 255507
5529 425845
5530 267674
5531 401511
5532 669185
5533 936859
5534 316342
5535 474513
5536 790855
5537 1107197
5538 1739881
5539 413678
5540 620517
5541 1034195
5542 1447873
5543 2275229
5544 2688907
5545 462346
5546 693519
5547 1155865
5548 1618211
5549 2542903
5550 3005249
5551 3929941
5552 705686
5553 1058529
5554 1764215
5555 2469901
5556 3881273
5557 4586959
5558 5998331
5559 6704017
5560 754354
5561 1131531
5562 1885885
5563 2640239
5564 4148947
5565 4903301
5566 6412009
5567 7166363
5568 10938133
5569 900358
5570 1350537
5571 2250895
5572 3151253
5573 4951969
5574 5852327
5575 7653043
5576 8553401
5577 13055191
5578 13955549
5579 997694
5580 1496541
5581 2494235
5582 3491929
5583 5487317
5584 6485011
5585 8480399
5586 9478093
5587 14466563
5588 15464257
5589 18457339
5590 146334
5591 243890
5592 365835
5593 341446
5594 512169
5595 853615
5596 536558
5597 804837
5598 1341395
5599 1877953
5600 634114
5601 951171
5602 1585285
5603 2219399
5604 3487627
5605 829226
5606 1243839
5607 2073065
5608 2902291
5609 4560743
5610 5389969
5611 926782
5612 1390173
5613 2316955
5614 3243737
5615 5097301
5616 6024083
5617 7877647
5618 1121894
5619 1682841
5620 2804735
5621 3926629
5622 6170417
5623 7292311
5624 9536099
5625 10657993
5626 1512118
5627 2268177
5628 3780295
5629 5292413
5630 8316649
5631 9828767
5632 12853003
5633 14365121
5634 17389357
5635 1804786
5636 2707179
5637 4511965
5638 6316751
5639 9926323
5640 11731109
5641 15340681
5642 17145467
5643 20755039
5644 27974183
5645 1999898
5646 2999847
5647 4999745
5648 6999643
5649 10999439
5650 12999337
5651 16999133
5652 18999031
5653 22998827
5654 30998419
5655 36998113
5656 178746
5657 297910
5658 446865
5659 417074
5660 625611
5661 1042685
5662 655402
5663 983103
5664 1638505
5665 2293907
5666 774566
5667 1161849
5668 1936415
5669 2710981
5670 4260113
5671 1012894
5672 1519341
5673 2532235
5674 3545129
5675 5570917
5676 6583811
5677 1132058
5678 1698087
5679 2830145
5680 3962203
5681 6226319
5682 7358377
5683 9622493
5684 1370386
5685 2055579
5686 3425965
5687 4796351
5688 7537123
5689 8907509
5690 11648281
5691 13018667
5692 1727878
5693 2591817
5694 4319695
5695 6047573
5696 9503329
5697 11231207
5698 14686963
5699 16414841
5700 19870597
5701 2204534
5702 3306801
5703 5511335
5704 7715869
5705 12124937
5706 14329471
5707 18738539
5708 20943073
5709 25352141
5710 31965743
5711 2442862
5712 3664293
5713 6107155
5714 8550017
5715 13435741
5716 15878603
5717 20764327
5718 23207189
5719 28092913
5720 35421499
5721 45192947
5722 303918
5723 506530
5724 759795
5725 709142
5726 1063713
5727 1772855
5728 1114366
5729 1671549
5730 2785915
5731 3900281
5732 1316978
5733 1975467
5734 3292445
5735 4609423
5736 7243379
5737 1722202
5738 2583303
5739 4305505
5740 6027707
5741 9472111
5742 11194313
5743 1924814
5744 2887221
5745 4812035
5746 6736849
5747 10586477
5748 12511291
5749 16360919
5750 2330038
5751 3495057
5752 5825095
5753 8155133
5754 12815209
5755 15145247
5756 19805323
5757 22135361
5758 2937874
5759 4406811
5760 7344685
5761 10282559
5762 16158307
5763 19096181
5764 24971929
5765 27909803
5766 33785551
5767 3140486
5768 4710729
5769 7851215
5770 10991701
5771 17272673
5772 20413159
5773 26694131
5774 29834617
5775 36115589
5776 45537047
5777 4153546
5778 6230319
5779 10383865
5780 14537411
5781 22844503
5782 26998049
5783 35305141
5784 39458687
5785 47765779
5786 60226417
5787 64379963
5788 413526
5789 689210
5790 1033815
5791 964894
5792 1447341
5793 2412235
5794 1516262
5795 2274393
5796 3790655
5797 5306917
5798 1791946
5799 2687919
5800 4479865
5801 6271811
5802 9855703
5803 2343314
5804 3514971
5805 5858285
5806 8201599
5807 12888227
5808 15231541
5809 2618998
5810 3928497
5811 6547495
5812 9166493
5813 14404489
5814 17023487
5815 22261483
5816 3170366
5817 4755549
5818 7925915
5819 11096281
5820 17437013
5821 20607379
5822 26948111
5823 30118477
5824 3997418
5825 5996127
5826 9993545
5827 13990963
5828 21985799
5829 25983217
5830 33978053
5831 37975471
5832 45970307
5833 4273102
5834 6409653
5835 10682755
5836 14955857
5837 23502061
5838 27775163
5839 36321367
5840 40594469
5841 49140673
5842 61959979
5843 5100154
5844 7650231
5845 12750385
5846 17850539
5847 28050847
5848 33151001
5849 43351309
5850 48451463
5851 58651771
5852 73952233
5853 79052387
5854 8610
5855 2310
5856 15015
5857 85085
5858 323323
5859 1062347
5860 2800733
5861 6678671
5862 14535931
5863 31367009
5864 72
5865 200
5866 392
5867 968
5868 1352
5869 2312
5870 2888
5871 4232
5872 6728
5873 7688
5874 10952
5875 13448
5876 108
5877 675
5878 1323
5879 3267
5880 4563
5881 7803
5882 9747
5883 14283
5884 22707
5885 25947
5886 36963
5887 45387
5888 500
5889 1125
5890 6125
5891 15125
5892 21125
5893 36125
5894 45125
5895 66125
5896 105125
5897 120125
5898 171125
5899 210125
5900 1372
5901 3087
5902 8575
5903 41503
5904 57967
5905 99127
5906 123823
5907 181447
5908 288463
5909 329623
5910 469567
5911 576583
5912 5324
5913 11979
5914 33275
5915 65219
5916 224939
5917 384659
5918 480491
5919 704099
5920 1119371
5921 1279091
5922 1822139
5923 2237411
5924 8788
5925 19773
5926 54925
5927 107653
5928 265837
5929 634933
5930 793117
5931 1162213
5932 1847677
5933 2111317
5934 3007693
5935 3693157
5936 19652
5937 44217
5938 122825
5939 240737
5940 594473
5941 830297
5942 1773593
5943 2598977
5944 4131833
5945 4721393
5946 6725897
5947 8258753
5948 27436
5949 61731
5950 171475
5951 336091
5952 829939
5953 1159171
5954 1982251
5955 3628411
5956 5768419
5957 6591499
5958 9389971
5959 11529979
5960 48668
5961 109503
5962 304175
5963 596183
5964 1472207
5965 2056223
5966 3516263
5967 4392287
5968 10232447
5969 11692487
5970 16656623
5971 20452727
5972 97556
5973 219501
5974 609725
5975 1195061
5976 2951069
5977 4121741
5978 7048421
5979 8804429
5980 12901781
5981 23437829
5982 33388541
5983 40997909
5984 119164
5985 268119
5986 744775
5987 1459759
5988 3604711
5989 5034679
5990 8609599
5991 10754551
5992 15759439
5993 25054231
5994 40783879
5995 50078671
5996 202612
5997 455877
5998 1266325
5999 2481997
6000 6129013
6001 8560357
6002 14638717
6003 18285733
6004 26795437
6005 42599173
6006 48677533
6007 85147693
6008 275684
6009 620289
6010 1723025
6011 3377129
6012 8339441
6013 11647649
6014 19918169
6015 24880481
6016 36459209
6017 57962561
6018 66233081
6019 94352849
6020 48
6021 80
6022 112
6023 176
6024 208
6025 272
6026 304
6027 368
6028 464
6029 496
6030 592
6031 656
6032 162
6033 405
6034 567
6035 891
6036 1053
6037 1377
6038 1539
6039 1863
6040 2349
6041 2511
6042 2997
6043 3321
6044 1250
6045 1875
6046 4375
6047 6875
6048 8125
6049 10625
6050 11875
6051 14375
6052 18125
6053 19375
6054 23125
6055 25625
6056 4802
6057 7203
6058 12005
6059 26411
6060 31213
6061 40817
6062 45619
6063 55223
6064 69629
6065 74431
6066 88837
6067 98441
6068 29282
6069 43923
6070 73205
6071 102487
6072 190333
6073 248897
6074 278179
6075 336743
6076 424589
6077 453871
6078 541717
6079 600281
6080 57122
6081 85683
6082 142805
6083 199927
6084 314171
6085 485537
6086 542659
6087 656903
6088 828269
6089 885391
6090 1056757
6091 1171001
6092 167042
6093 250563
6094 417605
6095 584647
6096 918731
6097 1085773
6098 1586899
6099 1920983
6100 2422109
6101 2589151
6102 3090277
6103 3424361
6104 260642
6105 390963
6106 651605
6107 912247
6108 1433531
6109 1694173
6110 2215457
6111 2997383
6112 3779309
6113 4039951
6114 4821877
6115 5343161
6116 559682
6117 839523
6118 1399205
6119 1958887
6120 3078251
6121 3637933
6122 4757297
6123 5316979
6124 8115389
6125 8675071
6126 10354117
6127 11473481
6128 1414562
6129 2121843
6130 3536405
6131 4950967
6132 7780091
6133 9194653
6134 12023777
6135 13438339
6136 16267463
6137 21925711
6138 26169397
6139 28998521
6140 1847042
6141 2770563
6142 4617605
6143 6464647
6144 10158731
6145 12005773
6146 15699857
6147 17546899
6148 21240983
6149 26782109
6150 34170277
6151 37864361
6152 3748322
6153 5622483
6154 9370805
6155 13119127
6156 20615771
6157 24364093
6158 31860737
6159 35609059
6160 43105703
6161 54350669
6162 58098991
6163 76840601
6164 5651522
6165 8477283
6166 14128805
6167 19780327
6168 31083371
6169 36734893
6170 48037937
6171 53689459
6172 64992503
6173 81947069
6174 87598591
6175 104553157
